533440220723712263
7645756572991053933
17002518678849043615
3282487858196800580
11202005659294354079
16953803583314934770
11540322219156058778
6618441848575352995
6519355181534597221
2052248246415255105
679899686062119593
10727385389243291990
4091897189046699747
127290835964022576
15356091443509613269
2537011883396431195
18011580606708554222
17485495068941180659
5885578367655793830
11673201295292793996
2745380922683594695
4937691099581782288
4462545466272085871
6400257491716634534
11641199379548715097
14614677230368093294
10173892273942013371
4468220030286048343
2667511712548271358
3834290870788962372
8784644398595803509
2743572839061078334
17774599863543195171
8087736096928590507
5924677954744062171
8619826531130409061
9304424031416506100
15201939331940327844
1213447901087652753
8869782771723447283
9730543513547779811
12475508742655038320
12603182063333553029
5073113648622368413
6545004692717264238
13720917957717069043
14438483440282451879
1779889252759168272
490997502686702950
16451045907053911183
4208060697280078949
15116316490891734462
4577282439325933242
11605352075348800155
7584088056118350541
15147816437687779284
6140338166617243237
2478443523647613712
662376068928210500
3343793104064834205
14685973608327012968
16959060633289665703
7215903807740682753
843865852985277589
783300478332718589
6097877958353662120
13951503387030595949
14961639693037323289
6341412108300280338
1855403246199725236
12385676951388577787
14218110386547304202
11375452292200828006
10847998362522024020
9271875481865980865
14254591225778226177
11397765988996041187
5374457987640005123
3880414041059131833
17387690268912800163
3973354240107510143
4705900979699483127
